0.00000
0.00000
0.00000
0.00000
0.00000
0.00000
0.00000
0.00000
0.00000
0.00000
0.00000
0.00000
0.00000
0.00000
0.00000
0.00000
0.00000
0.00000
0.00000
0.00000
6.19915
39.09836
-0.75027
-36.62161
0.00000
0.00000
0.00000
0.00000
0.00000
0.00000
0.00000
0.00000
0.00000
0.00000
0.00000
0.00000
0.00000
0.00000
0.00000
0.00000
0.00000
0.00000
0.00000
15.20003
6.70084
-9.07913
0.11576
0.00000
0.00000
0.00000
0.00000
0.00000
0.00000
0.00000
0.00000
0.00000
0.00000
0.00000
0.00000
0.00000
0.00000
0.00000
0.00000
0.00000
0.00000
0.85936
-7.94960
4.03218
-1.20627
0.00000
0.00000
0.00000
0.00000
0.00000
0.00000
0.00000
0.00000
0.00000
0.00000
0.00000
0.00000
0.00000
0.00000
0.00000
0.00000
0.00000
-1.01900
0.72112
0.32226
0.61943
0.00000
0.00000
0.00000
0.00000
0.00000
0.00000
0.00000
0.00000
0.00000
0.00000
0.00000
0.00000
0.00000
0.00000
0.00000
0.00000
-2.27135
-2.50568
0.48552
3.39443
0.00000
0.00000
0.00000
0.00000
0.00000
0.00000
0.00000
0.00000
0.00000
0.00000
0.00000
0.00000
0.00000
0.00000
0.00000
0.13022
-1.07379
0.24869
2.24679
0.00000
0.00000
0.00000
0.00000
0.00000
0.00000
0.00000
0.00000
0.00000
0.00000
0.00000
0.00000
0.00000
0.00000
-9.28829
-7.42571
-1.04686
6.64684
0.00000
0.00000
0.00000
0.00000
0.00000
0.00000
0.00000
0.00000
0.00000
0.00000
0.00000
0.00000
0.00000
0.44057
-1.96599
-0.04741
2.79568
0.00000
0.00000
0.00000
0.00000
0.00000
0.00000
0.00000
0.00000
0.00000
0.00000
0.00000
0.00000
5.05099
-2.68863
0.04584
-1.72139
0.00000
0.00000
0.00000
0.00000
0.00000
0.00000
0.00000
0.00000
0.00000
0.00000
0.00000
-2.35501
-1.74484
0.66330
2.69635
0.00000
0.00000
0.00000
0.00000
0.00000
0.00000
0.00000
0.00000
0.00000
0.00000
-11.01442
10.89677
-0.70671
-6.64505
0.00000
0.00000
0.00000
0.00000
0.00000
0.00000
0.00000
0.00000
0.00000
1.15885
-1.46491
-0.42269
2.72569
0.00000
0.00000
0.00000
0.00000
0.00000
0.00000
0.00000
0.00000
-1.07932
-1.72435
0.27278
2.69347
0.00000
0.00000
0.00000
0.00000
0.00000
0.00000
0.00000
-4.02455
-0.14055
0.69048
1.45831
0.00000
0.00000
0.00000
0.00000
0.00000
0.00000
-3.75291
-1.89193
0.76472
2.74629
0.00000
0.00000
0.00000
0.00000
0.00000
1.22991
0.13330
-0.56106
1.39643
0.00000
0.00000
0.00000
0.00000
-1.47462
-0.89062
0.25913
2.00689
0.00000
0.00000
0.00000
-0.59110
-2.11372
-0.17794
3.50334
0.00000
0.00000
-1.46786
-1.78245
0.49501
2.47590
0.00000
-2.31418
-1.84046
0.51401
2.70722
0.00000
0.00000
0.00000
0.00000
0.00000
0.00000
0.00000
0.00000
0.00000
0.00000
