-0.0
-0.0
-0.0
-0.0
-0.0
-0.0
-0.0
-0.0
-0.0
-0.0
-0.0
-0.0
-0.0
-0.0
-0.0
-0.0
-0.0
-0.0
-0.0
-0.0
0.4516855555555555
-0.0048934444444444
0.0329067777777777
-0.4796991111111111
-0.0
-0.0
-0.0
-0.0
-0.0
-0.0
-0.0
-0.0
-0.0
-0.0
-0.0
-0.0
-0.0
-0.0
-0.0
-0.0
-0.0
-0.0
-0.0
0.3990912222222222
0.0640402222222222
-0.3741536666666667
-0.0889776666666666
-0.0
-0.0
-0.0
-0.0
-0.0
-0.0
-0.0
-0.0
-0.0
-0.0
-0.0
-0.0
-0.0
-0.0
-0.0
-0.0
-0.0
-0.0
-0.2252912222222222
0.1128578888888888
0.2043988888888889
-0.0919656666666666
-0.0
-0.0
-0.0
-0.0
-0.0
-0.0
-0.0
-0.0
-0.0
-0.0
-0.0
-0.0
-0.0
-0.0
-0.0
-0.0
-0.0
0.3130466666666667
-0.2215236666666666
-0.4697652222222222
0.3782419999999999
-0.0
-0.0
-0.0
-0.0
-0.0
-0.0
-0.0
-0.0
-0.0
-0.0
-0.0
-0.0
-0.0
-0.0
-0.0
-0.0
0.0216278888888888
0.1663148888888888
-0.2157896666666666
0.0278471111111111
-0.0
-0.0
-0.0
-0.0
-0.0
-0.0
-0.0
-0.0
-0.0
-0.0
-0.0
-0.0
-0.0
-0.0
-0.0
-0.1082984444444444
0.2501383333333333
-0.4231651111111111
0.2813252222222222
-0.0
-0.0
-0.0
-0.0
-0.0
-0.0
-0.0
-0.0
-0.0
-0.0
-0.0
-0.0
-0.0
-0.0
0.2488873333333333
-0.1912042222222222
-0.244223111111111
0.18654
-0.0
-0.0
-0.0
-0.0
-0.0
-0.0
-0.0
-0.0
-0.0
-0.0
-0.0
-0.0
-0.0
-0.3027983333333334
0.0857856666666666
0.0527214444444444
0.1642915555555555
-0.0
-0.0
-0.0
-0.0
-0.0
-0.0
-0.0
-0.0
-0.0
-0.0
-0.0
-0.0
0.5704704444444444
-0.2193238888888888
-0.3168787777777778
-0.0342676666666666
-0.0
-0.0
-0.0
-0.0
-0.0
-0.0
-0.0
-0.0
-0.0
-0.0
-0.0
-0.260175
0.405591
-0.1236626666666666
-0.0217535555555555
-0.0
-0.0
-0.0
-0.0
-0.0
-0.0
-0.0
-0.0
-0.0
-0.0
-0.3155071111111111
0.0534026666666666
0.6204733333333334
-0.3583687777777777
-0.0
-0.0
-0.0
-0.0
-0.0
-0.0
-0.0
-0.0
-0.0
0.3919713333333333
0.0094745555555555
-0.3049318888888888
-0.0965136666666666
-0.0
-0.0
-0.0
-0.0
-0.0
-0.0
-0.0
-0.0
0.1058208888888889
-0.0965299999999999
-0.0495869999999999
0.040296111111111
-0.0
-0.0
-0.0
-0.0
-0.0
-0.0
-0.0
0.6058355555555556
-0.3596424444444444
-0.6556407777777777
0.4094474444444444
-0.0
-0.0
-0.0
-0.0
-0.0
-0.0
0.3838605555555555
-0.2750204444444444
-0.0625284444444444
-0.0463116666666666
-0.0
-0.0
-0.0
-0.0
-0.0
0.3053553333333333
0.1966547777777778
-0.2473154444444444
-0.2546946666666667
-0.0
-0.0
-0.0
-0.0
0.1144202222222222
0.4576323333333333
-0.3822574444444445
-0.1897952222222222
-0.0
-0.0
-0.0
0.1821806666666666
-0.1014454444444444
0.134266
-0.2150012222222222
-0.0
-0.0
-0.0
-0.0
-0.0
-0.0
-0.0
-0.258163
0.7457395555555556
0.0411412222222222
-0.5287182222222222
-0.0
-0.0
-0.0
-0.0
-0.0
-0.0
-0.0
-0.0
-0.0
-0.0
