-0.0
-0.0
-0.0
-0.0
-0.0
-0.0
-0.0
-0.0
-0.0
-0.0
-0.0
-0.0
-0.0
-0.0
-0.0
-0.0
-0.0
-0.0
-0.0
-0.0
0.0942185789473684
-0.0748666315789473
0.0291664210526315
-0.0485182105263157
-0.0
-0.0
-0.0
-0.0
-0.0
-0.0
-0.0
-0.0
-0.0
-0.0
-0.0
-0.0
-0.0
-0.0
-0.0
-0.0
-0.0
-0.0
-0.0
0.1071256315789473
-0.1356488421052631
-0.0235675263157894
0.0520905263157895
-0.0
-0.0
-0.0
-0.0
-0.0
-0.0
-0.0
-0.0
-0.0
-0.0
-0.0
-0.0
-0.0
-0.0
-0.0
-0.0
-0.0
-0.0
0.1172613684210526
0.0924553157894736
-0.1035994210526315
-0.1061171052631578
-0.0
-0.0
-0.0
-0.0
-0.0
-0.0
-0.0
-0.0
-0.0
-0.0
-0.0
-0.0
-0.0
-0.0
-0.0
-0.0
-0.0
0.6334708421052632
-0.5213058947368421
-0.085272947368421
-0.0268918947368421
-0.0
-0.0
-0.0
-0.0
-0.0
-0.0
-0.0
-0.0
-0.0
-0.0
-0.0
-0.0
-0.0
-0.0
-0.0
-0.0
-0.0770947894736841
-0.013186947368421
-0.0008972105263157
0.0911787894736842
-0.0
-0.0
-0.0
-0.0
-0.0
-0.0
-0.0
-0.0
-0.0
-0.0
-0.0
-0.0
-0.0
-0.0
-0.0
0.2484232631578947
-0.1806494736842105
0.0593477894736842
-0.1271215263157894
-0.0
-0.0
-0.0
-0.0
-0.0
-0.0
-0.0
-0.0
-0.0
-0.0
-0.0
-0.0
-0.0
-0.0
0.0864044736842105
-0.0933376842105263
-0.0006495263157894
0.007582947368421
-0.0
-0.0
-0.0
-0.0
-0.0
-0.0
-0.0
-0.0
-0.0
-0.0
-0.0
-0.0
-0.0
0.0721868421052631
0.2164602631578947
-0.0825331052631579
-0.2061137894736842
-0.0
-0.0
-0.0
-0.0
-0.0
-0.0
-0.0
-0.0
-0.0
-0.0
-0.0
-0.0
-0.096387947368421
-0.0802827368421052
-0.1613110526315789
0.3379816842105263
-0.0
-0.0
-0.0
-0.0
-0.0
-0.0
-0.0
-0.0
-0.0
-0.0
-0.0
0.1388275263157894
-0.1931765789473684
0.1672822105263157
-0.1129332105263157
-0.0
-0.0
-0.0
-0.0
-0.0
-0.0
-0.0
-0.0
-0.0
-0.0
0.4467762631578947
-0.2093543157894737
0.0606844210526315
-0.2981064210526316
-0.0
-0.0
-0.0
-0.0
-0.0
-0.0
-0.0
-0.0
-0.0
0.1983861052631579
-0.1594881052631579
-0.1360144736842105
0.0971166842105263
-0.0
-0.0
-0.0
-0.0
-0.0
-0.0
-0.0
-0.0
0.0869201052631578
0.1643501052631579
-0.0629997368421052
-0.1882703684210526
-0.0
-0.0
-0.0
-0.0
-0.0
-0.0
-0.0
0.170311
0.0221991052631578
0.1246952631578947
-0.3172052105263158
-0.0
-0.0
-0.0
-0.0
-0.0
-0.0
0.1287316842105263
-0.1300907894736842
-0.0945166842105263
0.0958758421052631
-0.0
-0.0
-0.0
-0.0
-0.0
0.2995797894736842
-0.0354317894736842
0.0715694736842105
-0.3357174736842105
-0.0
-0.0
-0.0
-0.0
0.0762665263157894
-0.0075781052631578
0.0624885263157894
-0.1311767894736842
-0.0
-0.0
-0.0
-0.0710896842105263
-0.1142345263157894
0.1966815263157894
-0.0113572631578947
-0.0
-0.0
-0.0
-0.0
-0.0
-0.0
-0.0
-0.0454378947368421
-0.0064631578947368
0.0436606842105263
0.0082404736842105
-0.0
-0.0
-0.0
-0.0
-0.0
-0.0
-0.0
-0.0
-0.0
-0.0
