0.00000
0.00000
0.00000
0.00000
0.00000
0.00000
0.00000
0.00000
0.00000
0.00000
0.00000
0.00000
0.00000
0.00000
0.00000
0.00000
0.00000
0.00000
0.00000
0.00000
0.52827
0.78909
0.88507
0.49265
0.00000
0.00000
0.00000
0.00000
0.00000
0.00000
0.00000
0.00000
0.00000
0.00000
0.00000
0.00000
0.00000
0.00000
0.00000
0.00000
0.00000
0.00000
0.00000
0.64949
0.91059
1.00907
0.61480
0.00000
0.00000
0.00000
0.00000
0.00000
0.00000
0.00000
0.00000
0.00000
0.00000
0.00000
0.00000
0.00000
0.00000
0.00000
0.00000
0.00000
0.00000
0.44958
0.70765
0.80879
0.42215
0.00000
0.00000
0.00000
0.00000
0.00000
0.00000
0.00000
0.00000
0.00000
0.00000
0.00000
0.00000
0.00000
0.00000
0.00000
0.00000
0.00000
0.39909
0.65506
0.76056
0.36382
0.00000
0.00000
0.00000
0.00000
0.00000
0.00000
0.00000
0.00000
0.00000
0.00000
0.00000
0.00000
0.00000
0.00000
0.00000
0.00000
0.36586
0.60919
0.71367
0.32941
0.00000
0.00000
0.00000
0.00000
0.00000
0.00000
0.00000
0.00000
0.00000
0.00000
0.00000
0.00000
0.00000
0.00000
0.00000
0.38922
0.64109
0.74588
0.35500
0.00000
0.00000
0.00000
0.00000
0.00000
0.00000
0.00000
0.00000
0.00000
0.00000
0.00000
0.00000
0.00000
0.00000
0.41539
0.66608
0.77168
0.37759
0.00000
0.00000
0.00000
0.00000
0.00000
0.00000
0.00000
0.00000
0.00000
0.00000
0.00000
0.00000
0.00000
0.36637
0.61959
0.72186
0.33214
0.00000
0.00000
0.00000
0.00000
0.00000
0.00000
0.00000
0.00000
0.00000
0.00000
0.00000
0.00000
0.42938
0.67952
0.78132
0.39617
0.00000
0.00000
0.00000
0.00000
0.00000
0.00000
0.00000
0.00000
0.00000
0.00000
0.00000
0.38275
0.63027
0.72991
0.34609
0.00000
0.00000
0.00000
0.00000
0.00000
0.00000
0.00000
0.00000
0.00000
0.00000
0.42232
0.67724
0.77320
0.39217
0.00000
0.00000
0.00000
0.00000
0.00000
0.00000
0.00000
0.00000
0.00000
0.46258
0.71471
0.80966
0.42331
0.00000
0.00000
0.00000
0.00000
0.00000
0.00000
0.00000
0.00000
0.37575
0.62841
0.72488
0.34377
0.00000
0.00000
0.00000
0.00000
0.00000
0.00000
0.00000
0.36488
0.61727
0.71124
0.33616
0.00000
0.00000
0.00000
0.00000
0.00000
0.00000
0.37911
0.63418
0.73418
0.34223
0.00000
0.00000
0.00000
0.00000
0.00000
0.44241
0.69474
0.79704
0.40519
0.00000
0.00000
0.00000
0.00000
0.39273
0.64334
0.74836
0.35467
0.00000
0.00000
0.00000
0.36237
0.61059
0.70967
0.33117
0.00000
0.00000
0.37123
0.62639
0.72711
0.33443
0.00000
0.38414
0.63303
0.72879
0.34878
0.00000
0.00000
0.00000
0.00000
0.00000
0.00000
0.00000
0.00000
0.00000
0.00000
