0.0
0.0
0.0
0.0
0.0
0.0
0.0
0.0
0.0
0.0
0.0
0.0
0.0
0.0
0.0
0.0
0.0
0.0
0.0
0.0
1.20025
0.907
0.640666667
0.372333333
0.0
0.0
0.0
0.0
0.0
0.0
0.0
0.0
0.0
0.0
0.0
0.0
0.0
0.0
0.0
0.0
0.0
0.0
0.0
-0.91875
-1.36375
-1.211
-1.326333333
0.0
0.0
0.0
0.0
0.0
0.0
0.0
0.0
0.0
0.0
0.0
0.0
0.0
0.0
0.0
0.0
0.0
0.0
-0.33375
-0.35425
-0.478333333
-0.583666667
0.0
0.0
0.0
0.0
0.0
0.0
0.0
0.0
0.0
0.0
0.0
0.0
0.0
0.0
0.0
0.0
0.0
1.32725
0.625
0.154333333
1.317
0.0
0.0
0.0
0.0
0.0
0.0
0.0
0.0
0.0
0.0
0.0
0.0
0.0
0.0
0.0
0.0
1.18275
1.293
1.102666667
0.460666667
0.0
0.0
0.0
0.0
0.0
0.0
0.0
0.0
0.0
0.0
0.0
0.0
0.0
0.0
0.0
0.04125
-0.137
-0.346
-0.051333333
0.0
0.0
0.0
0.0
0.0
0.0
0.0
0.0
0.0
0.0
0.0
0.0
0.0
0.0
1.8105
1.62075
0.799333333
1.314333333
0.0
0.0
0.0
0.0
0.0
0.0
0.0
0.0
0.0
0.0
0.0
0.0
0.0
0.7025
0.2245
0.048333333
-0.004666667
0.0
0.0
0.0
0.0
0.0
0.0
0.0
0.0
0.0
0.0
0.0
0.0
0.2385
-0.49975
-0.389
-0.345666667
0.0
0.0
0.0
0.0
0.0
0.0
0.0
0.0
0.0
0.0
0.0
1.16025
1.02125
0.870666667
0.823333333
0.0
0.0
0.0
0.0
0.0
0.0
0.0
0.0
0.0
0.0
1.86075
1.669
1.365
1.101333333
0.0
0.0
0.0
0.0
0.0
0.0
0.0
0.0
0.0
-0.154
-0.65675
-0.633666667
-0.542
0.0
0.0
0.0
0.0
0.0
0.0
0.0
0.0
0.94975
0.74025
0.212
0.431
0.0
0.0
0.0
0.0
0.0
0.0
0.0
1.0455
0.60925
0.601666667
0.311666667
0.0
0.0
0.0
0.0
0.0
0.0
0.897
0.90725
0.837333333
0.286333333
0.0
0.0
0.0
0.0
0.0
0.279
0.0035
-0.131666667
-0.542333333
0.0
0.0
0.0
0.0
0.3055
0.07775
-0.212666667
-0.691333333
0.0
0.0
0.0
0.795
0.41875
-0.168
0.113666667
0.0
0.0
0.2855
-0.15775
-0.503333333
-0.400666667
0.0
1.18175
1.30975
0.874
0.607666667
0.0
0.0
0.0
0.0
0.0
0.0
0.0
0.0
0.0
0.0
