-34.323823
-40.741388
-45.050078
-37.024507
-43.442072
-32.048770
-38.466335
-52.126417
-58.543982
-62.852672
-69.270237
-54.827102
-61.244666
-49.851364
-56.268929
-28.397508
-34.815073
-39.123763
-45.541328
-31.098193
-37.515757
-26.122455
-32.540020
-33.976984
-40.394549
-44.703239
-51.120803
-36.677668
-43.095233
-31.701931
-38.119496
-38.110993
-27.753375
-48.837248
-38.479630
-40.811678
-30.454059
-35.835940
-25.478322
-55.913587
-45.555969
-66.639842
-56.282224
-58.614272
-48.256654
-53.638534
-43.280916
-32.184679
-21.827060
-42.910933
-32.553315
-34.885363
-24.527745
-29.909625
-19.552007
-37.764154
-27.406536
-48.490409
-38.132791
-40.464839
-30.107220
-35.489101
-25.131483
-41.120045
-47.537610
-51.846299
-58.263864
-43.820729
-50.238294
-38.844992
-45.262557
-58.922639
-65.340204
-69.648893
-76.066458
-61.623323
-68.040888
-56.647586
-63.065151
-35.193730
-41.611295
-45.919985
-52.337549
-37.894414
-44.311979
-32.918677
-39.336242
-40.773206
-47.190771
-51.499460
-57.917025
-43.473890
-49.891455
-38.498153
-44.915718
-44.907215
-34.549597
-55.633470
-45.275851
-47.607899
-37.250281
-42.632162
-32.274544
-62.709809
-52.352191
-73.436064
-63.078446
-65.410493
-55.052875
-60.434756
-50.077138
-38.980900
-28.623282
-49.707155
-39.349537
-41.681585
-31.323966
-36.705847
-26.348229
-44.560376
-34.202758
-55.286631
-44.929012
-47.261060
-36.903442
-42.285323
-31.927705
-45.806600
-52.224165
-56.532855
-62.950420
-48.507285
-54.924849
-43.531547
-49.949112
-63.609194
-70.026759
-74.335449
-80.753014
-66.309879
-72.727444
-61.334141
-67.751706
-39.880285
-46.297850
-50.606540
-57.024105
-42.580970
-48.998535
-37.605232
-44.022797
-45.459761
-51.877326
-56.186016
-62.603581
-48.160446
-54.578010
-43.184708
-49.602273
-49.593771
-39.236152
-60.320025
-49.962407
-52.294455
-41.936837
-47.318717
-36.961099
-67.396365
-57.038746
-78.122619
-67.765001
-70.097049
-59.739431
-65.121312
-54.763693
-43.667456
-33.309838
-54.393710
-44.036092
-46.368140
-36.010522
-41.392403
-31.034784
-49.246931
-38.889313
-59.973186
-49.615568
-51.947616
-41.589998
-46.971878
-36.614260
-38.529831
-44.947396
-49.256085
-55.673650
-41.230515
-47.648080
-36.254778
-42.672342
-56.332425
-62.749990
-67.058679
-73.476244
-59.033109
-65.450674
-54.057372
-60.474937
-32.603516
-39.021081
-43.329770
-49.747335
-35.304200
-41.721765
-30.328463
-36.746028
-38.182992
-44.600557
-48.909246
-55.326811
-40.883676
-47.301241
-35.907938
-42.325503
-42.317001
-31.959383
-53.043255
-42.685637
-45.017685
-34.660067
-40.041948
-29.684330
-60.119595
-49.761977
-70.845850
-60.488231
-62.820279
-52.462661
-57.844542
-47.486924
-36.390686
-26.033068
-47.116941
-36.759322
-39.091370
-28.733752
-34.115633
-23.758015
-41.970162
-31.612544
-52.696416
-42.338798
-44.670846
-34.313228
-39.695109
-29.337491
